function error = snm_1_1_rev3_reduced_fitness_Anseth(w,exptin,exptout,method) 
% Generated by Netflux 0.08a on 11.04.2019
% 11.17.2019 JR: modified SE to reflect errors in delta(Activity) from
% basal conditions to stimuli
% 
% for testing:
% rng('default');
% w = rand(1,158);
 
% species parameters 
speciesNames = {'AngII','AT1R','AGT','ACE','NOX','ROS','ET1','ETAR','DAG','PKC','NE','BAR','Forskolin','AC','cAMP','PKA','CREB','CBP','TGFB','TGFB1R','smad3','smad7','latentTGFB','BAMBI','PDGF','PDGFR','NP','tension','B1int','Rho','ROCK','NFAT','IL6','STAT','IL1','IL1RI','TNFa','TNFaR','NFKB','PI3K','Akt','p38','TRAF','ASK1','PP1','JNK','abl','Rac1','MEKK1','MKK4','ERK','Ras','MEK1','FAK','epac','Factin','FA','CTGF','proliferation','SRF','EDAFN','aSMA','AP1','TIMP1','TIMP2','PAI1','proMMP14','proMMP1','proMMP2','proMMP9','fibronectin','periostin','proCI','proCIII','B3int','Src','p130Cas','YAP','MRTF','Gactin','TNC','mTORC1','mTORC2','p70S6K','syndecan4','proMMP3','proMMP8','proMMP12','thrombospondin4','osteopontin','contractility','RhoGEF','RhoGDI','talin','vinculin','paxillin','MLC',}; 
tau = [1, 1.000000e-01, 10, 1.000000e-01, 1.000000e-01, 1.000000e-01, 1, 1.000000e-01, 1.000000e-01, 1.000000e-01, 1, 1.000000e-01, 1, 1.000000e-01, 1.000000e-01, 1.000000e-01, 1.000000e-01, 1.000000e-01, 1, 1.000000e-01, 1.000000e-01, 10, 10, 1.000000e-01, 1, 1.000000e-01, 1, 1, 1.000000e-01, 1.000000e-01, 1.000000e-01, 1.000000e-01, 1, 1.000000e-01, 1, 1.000000e-01, 1, 1.000000e-01, 1.000000e-01, 1.000000e-01, 1.000000e-01, 1.000000e-01, 1.000000e-01, 1.000000e-01, 1.000000e-01, 1.000000e-01, 1.000000e-01, 1.000000e-01, 1.000000e-01, 1.000000e-01, 1.000000e-01, 1.000000e-01, 1.000000e-01, 1.000000e-01, 1.000000e-01, 1, 1, 1.000000e-01, 10, 1.000000e-01, 10, 10, 1.000000e-01, 10, 10, 10, 1, 1, 1, 1, 10, 10, 10, 10, 1.000000e-01, 1.000000e-01, 1.000000e-01, 1.000000e-01, 1.000000e-01, 1, 10, 1.000000e-01, 1.000000e-01, 1.000000e-01, 1.000000e-01, 1, 1, 1, 10, 10, 10, 1.000000e-01, 1.000000e-01, 1.000000e-01, 1.000000e-01, 1.000000e-01, 1.000000e-01, ]; 
ymax = [1, 1, 1, 1, 1, 1, 1, 1, 1, 1, 1, 1, 1, 1, 1, 1, 1, 1, 1, 1, 1, 5.000000e-01, 1, 1, 1, 1, 1, 1, 1, 1, 1, 1, 1, 1, 1, 1, 1, 1, 1, 1, 1, 1, 1, 1, 1, 1, 1, 1, 1, 1, 1, 1, 1, 1, 1, 1, 1, 1, 1, 1, 1, 1, 1, 5.000000e-01, 5.000000e-01, 1, 1, 1, 1, 1, 1, 1, 1, 1, 1, 1, 1, 1, 1, 1, 1, 1, 1, 1, 1, 1, 1, 1, 1, 1, 1, 1, 1, 1, 1, 1, 1, ];
 
% reaction parameters 
% w = [2.500000e-01, 2.500000e-01, 2.500000e-01, 2.500000e-01, 2.500000e-01, 2.500000e-01, 2.500000e-01, 2.500000e-01, 2.500000e-01, 2.500000e-01, 2.500000e-01, 1, 1, 1, 1, 1, 1, 1, 1, 1, 1, 1, 1, 1, 1, 1, 1, 1, 1, 1, 1, 1, 1, 1, 1, 1, 1, 1, 1, 1, 1, 1, 1, 1, 1, 1, 1, 1, 1, 1, 1, 1, 1, 1, 1, 1, 1, 1, 1, 1, 1, 1, 1, 1, 1, 1, 1, 1, 1, 1, 1, 1, 1, 1, 1, 1, 1, 1, 1, 1, 1, 1, 1, 1, 1, 1, 1, 1, 1, 1, 1, 1, 1, 1, 1, 1, 1, 1, 1, 1, 1, 1, 1, 1, 0, 1, 1, 1, 1, 1, 1, 1, 1, 1, 1, 1, 1, 1, 1, 1, 1, 1, 1, 1, 1, 1, 1, 1, 1, 1, 1, 1, 1, 1, 1, 1, 1, 1, 1, 1, 1, 1, 1, 1, 1, 1, 1, 1, 1, 1, 1, 1, 1, 1, 1, 1, 1, 1, ]; 
n = [1.400000e+00, 1.400000e+00, 1.400000e+00, 1.400000e+00, 1.400000e+00, 1.400000e+00, 1.400000e+00, 1.400000e+00, 1.400000e+00, 1.400000e+00, 1.400000e+00, 1.400000e+00, 1.400000e+00, 1.400000e+00, 1.400000e+00, 1.400000e+00, 1.400000e+00, 1.400000e+00, 1.400000e+00, 1.400000e+00, 1.400000e+00, 1.400000e+00, 1.400000e+00, 1.400000e+00, 1.400000e+00, 1.400000e+00, 1.400000e+00, 1.400000e+00, 1.400000e+00, 1.400000e+00, 1.400000e+00, 1.400000e+00, 1.400000e+00, 1.400000e+00, 1.400000e+00, 1.400000e+00, 1.400000e+00, 1.400000e+00, 1.400000e+00, 1.400000e+00, 1.400000e+00, 1.400000e+00, 1.400000e+00, 1.400000e+00, 1.400000e+00, 1.400000e+00, 1.400000e+00, 1.400000e+00, 1.400000e+00, 1.400000e+00, 1.400000e+00, 1.400000e+00, 1.400000e+00, 1.400000e+00, 1.400000e+00, 1.400000e+00, 1.400000e+00, 1.400000e+00, 1.400000e+00, 1.400000e+00, 1.400000e+00, 1.400000e+00, 1.400000e+00, 1.400000e+00, 1.400000e+00, 1.400000e+00, 1.400000e+00, 1.400000e+00, 1.400000e+00, 1.400000e+00, 1.400000e+00, 1.400000e+00, 1.400000e+00, 1.400000e+00, 1.400000e+00, 1.400000e+00, 1.400000e+00, 1.400000e+00, 1.400000e+00, 1.400000e+00, 1.400000e+00, 1.400000e+00, 1.400000e+00, 1.400000e+00, 1.400000e+00, 1.400000e+00, 1.400000e+00, 1.400000e+00, 1.400000e+00, 1.400000e+00, 1.400000e+00, 1.400000e+00, 1.400000e+00, 1.400000e+00, 1.400000e+00, 1.400000e+00, 1.400000e+00, 1.400000e+00, 1.400000e+00, 1.400000e+00, 1.400000e+00, 1.400000e+00, 1.400000e+00, 1.400000e+00, 1.400000e+00, 1.400000e+00, 1.400000e+00, 1.400000e+00, 1.400000e+00, 1.400000e+00, 1.400000e+00, 1.400000e+00, 1.400000e+00, 1.400000e+00, 1.400000e+00, 1.400000e+00, 1.400000e+00, 1.400000e+00, 1.400000e+00, 1.400000e+00, 1.400000e+00, 1.400000e+00, 1.400000e+00, 1.400000e+00, 1.400000e+00, 1.400000e+00, 1.400000e+00, 1.400000e+00, 1.400000e+00, 1.400000e+00, 1.400000e+00, 1.400000e+00, 1.400000e+00, 1.400000e+00, 1.400000e+00, 1.400000e+00, 1.400000e+00, 1.400000e+00, 1.400000e+00, 1.400000e+00, 1.400000e+00, 1.400000e+00, 1.400000e+00, 1.400000e+00, 1.400000e+00, 1.400000e+00, 1.400000e+00, 1.400000e+00, 1.400000e+00, 1.400000e+00, 1.400000e+00, 1.400000e+00, 1.400000e+00, 1.400000e+00, 1.400000e+00, 1.400000e+00, 1.400000e+00, 1.400000e+00, ]; 
EC50 = [6.000000e-01, 6.000000e-01, 6.000000e-01, 6.000000e-01, 6.000000e-01, 6.000000e-01, 6.000000e-01, 6.000000e-01, 6.000000e-01, 6.000000e-01, 6.000000e-01, 6.000000e-01, 6.000000e-01, 6.000000e-01, 6.000000e-01, 6.000000e-01, 6.000000e-01, 6.000000e-01, 6.000000e-01, 6.000000e-01, 6.000000e-01, 6.000000e-01, 6.000000e-01, 6.000000e-01, 6.000000e-01, 6.000000e-01, 6.000000e-01, 6.000000e-01, 6.000000e-01, 6.000000e-01, 6.000000e-01, 6.000000e-01, 6.000000e-01, 6.000000e-01, 6.000000e-01, 6.000000e-01, 6.000000e-01, 6.000000e-01, 6.000000e-01, 6.000000e-01, 6.000000e-01, 6.000000e-01, 6.000000e-01, 6.000000e-01, 6.000000e-01, 6.000000e-01, 6.000000e-01, 6.000000e-01, 6.000000e-01, 6.000000e-01, 6.000000e-01, 6.000000e-01, 6.000000e-01, 6.000000e-01, 6.000000e-01, 6.000000e-01, 6.000000e-01, 6.000000e-01, 6.000000e-01, 6.000000e-01, 6.000000e-01, 6.000000e-01, 6.000000e-01, 6.000000e-01, 6.000000e-01, 6.000000e-01, 6.000000e-01, 6.000000e-01, 6.000000e-01, 6.000000e-01, 6.000000e-01, 6.000000e-01, 6.000000e-01, 6.000000e-01, 6.000000e-01, 6.000000e-01, 6.000000e-01, 6.000000e-01, 6.000000e-01, 6.000000e-01, 6.000000e-01, 6.000000e-01, 6.000000e-01, 6.000000e-01, 6.000000e-01, 6.000000e-01, 6.000000e-01, 6.000000e-01, 6.000000e-01, 6.000000e-01, 6.000000e-01, 6.000000e-01, 6.000000e-01, 6.000000e-01, 6.000000e-01, 6.000000e-01, 6.000000e-01, 6.000000e-01, 6.000000e-01, 6.000000e-01, 6.000000e-01, 6.000000e-01, 6.000000e-01, 6.000000e-01, 6.000000e-01, 6.000000e-01, 6.000000e-01, 6.000000e-01, 6.000000e-01, 6.000000e-01, 6.000000e-01, 6.000000e-01, 6.000000e-01, 6.000000e-01, 6.000000e-01, 6.000000e-01, 6.000000e-01, 6.000000e-01, 6.000000e-01, 6.000000e-01, 6.000000e-01, 6.000000e-01, 6.000000e-01, 6.000000e-01, 6.000000e-01, 6.000000e-01, 6.000000e-01, 6.000000e-01, 6.000000e-01, 6.000000e-01, 6.000000e-01, 6.000000e-01, 6.000000e-01, 6.000000e-01, 6.000000e-01, 6.000000e-01, 6.000000e-01, 6.000000e-01, 6.000000e-01, 6.000000e-01, 6.000000e-01, 6.000000e-01, 6.000000e-01, 6.000000e-01, 6.000000e-01, 6.000000e-01, 6.000000e-01, 6.000000e-01, 6.000000e-01, 6.000000e-01, 6.000000e-01, 6.000000e-01, 6.000000e-01, 6.000000e-01, 6.000000e-01, 6.000000e-01, 6.000000e-01, 6.000000e-01, ]; 
rpar = [w;n;EC50];
params = {rpar,tau,ymax,speciesNames};
y0 = [0, 0, 0, 0, 0, 0, 0, 0, 0, 0, 0, 0, 0, 0, 0, 0, 0, 0, 0, 0, 0, 0, 0, 0, 0, 0, 0, 0, 0, 0, 0, 0, 0, 0, 0, 0, 0, 0, 0, 0, 0, 0, 0, 0, 0, 0, 0, 0, 0, 0, 0, 0, 0, 0, 0, 0, 0, 0, 0, 0, 0, 0, 0, 0, 0, 0, 0, 0, 0, 0, 0, 0, 0, 0, 0, 0, 0, 0, 0, 0, 0, 0, 0, 0, 0, 0, 0, 0, 0, 0, 0, 0, 0, 0, 0, 0, 0, ]; 
options = [];

% loop parameters
% 12.16.2019: setting input/output params using Anseth NTM dataset
